,from,to,method,action,result
0,X0,X16,GET,req,
1,X16,X19,GET,req,
2,X19,X2,GET,req,
3,X19,X2,GET,resp,2xx
4,X16,X19,GET,resp,2xx
5,X0,X16,GET,resp,2xx
6,X0,X16,GET,req,
7,X16,X19,GET,req,
8,X19,X2,GET,req,
9,X19,X2,GET,resp,2xx
10,X16,X19,GET,resp,2xx
11,X0,X16,GET,resp,2xx
12,X0,X14,GET,req,
13,X14,X24,GET,req,
14,X24,X18,GET,req,
15,X18,X3,GET,req,
16,X3,X5,GET,req,
17,X5,X1,GET,req,
18,X1,X20,GET,req,
19,X20,X13,GET,req,
20,X20,X13,GET,resp,2xx
21,X1,X20,GET,resp,2xx
22,X5,X1,GET,resp,2xx
23,X3,X5,GET,resp,2xx
24,X18,X3,GET,resp,2xx
25,X24,X18,GET,resp,2xx
26,X14,X24,GET,resp,2xx
27,X0,X14,GET,resp,2xx
28,X0,X16,GET,req,
29,X16,X19,GET,req,
30,X19,X2,GET,req,
31,X19,X2,GET,resp,2xx
32,X16,X19,GET,resp,2xx
33,X0,X16,GET,resp,2xx
34,X0,X14,GET,req,
35,X14,X24,GET,req,
36,X24,X18,GET,req,
37,X18,X3,GET,req,
38,X3,X17,GET,req,
39,X17,X12,GET,req,
40,X12,X7,GET,req,
41,X7,X21,GET,req,
42,X7,X21,GET,resp,2xx
43,X12,X7,GET,resp,2xx
44,X17,X12,GET,resp,2xx
45,X3,X17,GET,resp,2xx
46,X18,X3,GET,resp,2xx
47,X24,X18,GET,resp,2xx
48,X14,X24,GET,resp,2xx
49,X0,X14,GET,resp,2xx
50,X0,X14,GET,req,
51,X14,X24,GET,req,
52,X24,X18,GET,req,
53,X18,X3,GET,req,
54,X3,X17,GET,req,
55,X17,X12,GET,req,
56,X12,X7,GET,req,
57,X7,X21,GET,req,
58,X7,X21,GET,resp,2xx
59,X12,X7,GET,resp,2xx
60,X17,X12,GET,resp,2xx
61,X3,X17,GET,resp,2xx
62,X18,X3,GET,resp,2xx
63,X24,X18,GET,resp,2xx
64,X14,X24,GET,resp,2xx
65,X0,X14,GET,resp,2xx
66,X0,X16,GET,req,
67,X16,X19,GET,req,
68,X19,X2,GET,req,
69,X19,X2,GET,resp,2xx
70,X16,X19,GET,resp,2xx
71,X0,X16,GET,resp,2xx
72,X0,X14,GET,req,
73,X14,X24,GET,req,
74,X24,X18,GET,req,
75,X18,X3,GET,req,
76,X3,X17,GET,req,
77,X17,X12,GET,req,
78,X12,X7,GET,req,
79,X7,X21,GET,req,
80,X7,X21,GET,resp,2xx
81,X12,X7,GET,resp,2xx
82,X17,X12,GET,resp,2xx
83,X3,X17,GET,resp,2xx
84,X18,X3,GET,resp,2xx
85,X24,X18,GET,resp,2xx
86,X14,X24,GET,resp,2xx
87,X0,X14,GET,resp,2xx
88,X0,X14,GET,req,
89,X14,X24,GET,req,
90,X24,X18,GET,req,
91,X18,X3,GET,req,
92,X3,X17,GET,req,
93,X17,X12,GET,req,
94,X12,X7,GET,req,
95,X7,X21,GET,req,
96,X7,X21,GET,resp,2xx
97,X12,X7,GET,resp,2xx
98,X17,X12,GET,resp,2xx
99,X3,X17,GET,resp,2xx
100,X18,X3,GET,resp,2xx
101,X24,X18,GET,resp,2xx
102,X14,X24,GET,resp,2xx
103,X0,X14,GET,resp,2xx
104,X0,X16,GET,req,
105,X16,X19,GET,req,
106,X19,X2,GET,req,
107,X19,X2,GET,resp,2xx
108,X16,X19,GET,resp,2xx
109,X0,X16,GET,resp,2xx
110,X0,X16,GET,req,
111,X16,X19,GET,req,
112,X19,X2,GET,req,
113,X19,X2,GET,resp,5xx
114,X19,X2,GET,req,
115,X19,X2,GET,resp,2xx
116,X16,X19,GET,resp,2xx
117,X0,X16,GET,resp,2xx
118,X0,X14,GET,req,
119,X14,X24,GET,req,
120,X24,X18,GET,req,
121,X18,X3,GET,req,
122,X3,X17,GET,req,
123,X17,X12,GET,req,
124,X12,X7,GET,req,
125,X7,X15,GET,req,
126,X15,X11,GET,req,
127,X11,X8,GET,req,
128,X8,X4,GET,req,
129,X8,X4,GET,resp,2xx
130,X11,X8,GET,resp,2xx
131,X15,X11,GET,resp,2xx
132,X7,X15,GET,resp,2xx
133,X12,X7,GET,resp,2xx
134,X17,X12,GET,resp,2xx
135,X3,X17,GET,resp,2xx
136,X18,X3,GET,resp,2xx
137,X24,X18,GET,resp,2xx
138,X14,X24,GET,resp,2xx
139,X0,X14,GET,resp,2xx
140,X0,X14,GET,req,
141,X14,X24,GET,req,
142,X24,X18,GET,req,
143,X18,X3,GET,req,
144,X3,X17,GET,req,
145,X17,X12,GET,req,
146,X12,X7,GET,req,
147,X7,X15,GET,req,
148,X15,X11,GET,req,
149,X11,X8,GET,req,
150,X8,X4,GET,req,
151,X8,X4,GET,resp,5xx
152,X8,X4,GET,req,
153,X8,X4,GET,resp,5xx
154,X8,X4,GET,req,
155,X8,X4,GET,resp,5xx
156,X11,X8,GET,resp,5xx
157,X11,X8,GET,req,
158,X8,X4,GET,req,
159,X8,X4,GET,resp,5xx
160,X8,X4,GET,req,
161,X8,X4,GET,resp,2xx
162,X11,X8,GET,resp,2xx
163,X15,X11,GET,resp,2xx
164,X7,X15,GET,resp,2xx
165,X12,X7,GET,resp,2xx
166,X17,X12,GET,resp,2xx
167,X3,X17,GET,resp,2xx
168,X18,X3,GET,resp,2xx
169,X24,X18,GET,resp,2xx
170,X14,X24,GET,resp,2xx
171,X0,X14,GET,resp,2xx
172,X0,X16,GET,req,
173,X16,X19,GET,req,
174,X19,X2,GET,req,
175,X19,X2,GET,resp,2xx
176,X16,X19,GET,resp,2xx
177,X0,X16,GET,resp,2xx
178,X0,X16,GET,req,
179,X16,X19,GET,req,
180,X19,X2,GET,req,
181,X19,X2,GET,resp,5xx
182,X19,X2,GET,req,
183,X19,X2,GET,resp,5xx
184,X16,X19,GET,resp,5xx
185,X16,X19,GET,req,
186,X19,X2,GET,req,
187,X19,X2,GET,resp,2xx
188,X16,X19,GET,resp,2xx
189,X0,X16,GET,resp,2xx
190,X0,X16,GET,req,
191,X16,X19,GET,req,
192,X19,X2,GET,req,
193,X19,X2,GET,resp,2xx
194,X16,X19,GET,resp,2xx
195,X0,X16,GET,resp,2xx
196,X0,X14,GET,req,
197,X14,X24,GET,req,
198,X24,X18,GET,req,
199,X18,X3,GET,req,
200,X3,X17,GET,req,
201,X17,X12,GET,req,
202,X12,X7,GET,req,
203,X7,X21,GET,req,
204,X7,X21,GET,resp,2xx
205,X12,X7,GET,resp,2xx
206,X17,X12,GET,resp,2xx
207,X3,X17,GET,resp,2xx
208,X18,X3,GET,resp,2xx
209,X24,X18,GET,resp,2xx
210,X14,X24,GET,resp,2xx
211,X0,X14,GET,resp,2xx
212,X0,X16,GET,req,
213,X16,X19,GET,req,
214,X19,X2,GET,req,
215,X19,X2,GET,resp,5xx
216,X19,X2,GET,req,
217,X19,X2,GET,resp,2xx
218,X16,X19,GET,resp,2xx
219,X0,X16,GET,resp,2xx
220,X0,X16,GET,req,
221,X16,X19,GET,req,
222,X19,X2,GET,req,
223,X19,X2,GET,resp,2xx
224,X16,X19,GET,resp,2xx
225,X0,X16,GET,resp,2xx
226,X0,X16,GET,req,
227,X16,X19,GET,req,
228,X19,X2,GET,req,
229,X19,X2,GET,resp,2xx
230,X16,X19,GET,resp,2xx
231,X0,X16,GET,resp,2xx
232,X0,X16,GET,req,
233,X16,X19,GET,req,
234,X19,X2,GET,req,
235,X19,X2,GET,resp,2xx
236,X16,X19,GET,resp,2xx
237,X0,X16,GET,resp,2xx
238,X0,X16,GET,req,
239,X16,X19,GET,req,
240,X19,X2,GET,req,
241,X19,X2,GET,resp,2xx
242,X16,X19,GET,resp,2xx
243,X0,X16,GET,resp,2xx
244,X0,X14,GET,req,
245,X14,X24,GET,req,
246,X24,X18,GET,req,
247,X18,X3,GET,req,
248,X3,X17,GET,req,
249,X17,X12,GET,req,
250,X12,X7,GET,req,
251,X7,X21,GET,req,
252,X7,X21,GET,resp,2xx
253,X12,X7,GET,resp,2xx
254,X17,X12,GET,resp,2xx
255,X3,X17,GET,resp,2xx
256,X18,X3,GET,resp,2xx
257,X24,X18,GET,resp,2xx
258,X14,X24,GET,resp,2xx
259,X0,X14,GET,resp,2xx
260,X0,X14,GET,req,
261,X14,X24,GET,req,
262,X24,X18,GET,req,
263,X18,X3,GET,req,
264,X3,X5,GET,req,
265,X5,X1,GET,req,
266,X1,X20,GET,req,
267,X20,X22,GET,req,
268,X22,X9,GET,req,
269,X22,X9,GET,resp,2xx
270,X20,X22,GET,resp,2xx
271,X1,X20,GET,resp,2xx
272,X5,X1,GET,resp,2xx
273,X3,X5,GET,resp,2xx
274,X18,X3,GET,resp,2xx
275,X24,X18,GET,resp,2xx
276,X14,X24,GET,resp,2xx
277,X0,X14,GET,resp,2xx
278,X0,X14,GET,req,
279,X14,X24,GET,req,
280,X24,X18,GET,req,
281,X18,X3,GET,req,
282,X3,X5,GET,req,
283,X5,X1,GET,req,
284,X1,X20,GET,req,
285,X20,X13,GET,req,
286,X20,X13,GET,resp,2xx
287,X1,X20,GET,resp,2xx
288,X5,X1,GET,resp,2xx
289,X3,X5,GET,resp,2xx
290,X18,X3,GET,resp,2xx
291,X24,X18,GET,resp,2xx
292,X14,X24,GET,resp,2xx
293,X0,X14,GET,resp,2xx
294,X0,X16,GET,req,
295,X16,X19,GET,req,
296,X19,X2,GET,req,
297,X19,X2,GET,resp,2xx
298,X16,X19,GET,resp,2xx
299,X0,X16,GET,resp,2xx
300,X0,X16,GET,req,
301,X16,X19,GET,req,
302,X19,X2,GET,req,
303,X19,X2,GET,resp,2xx
304,X16,X19,GET,resp,2xx
305,X0,X16,GET,resp,2xx
306,X0,X14,GET,req,
307,X14,X24,GET,req,
308,X24,X18,GET,req,
309,X18,X3,GET,req,
310,X3,X5,GET,req,
311,X5,X1,GET,req,
312,X1,X20,GET,req,
313,X20,X13,GET,req,
314,X20,X13,GET,resp,2xx
315,X1,X20,GET,resp,2xx
316,X5,X1,GET,resp,2xx
317,X3,X5,GET,resp,2xx
318,X18,X3,GET,resp,2xx
319,X24,X18,GET,resp,2xx
320,X14,X24,GET,resp,2xx
321,X0,X14,GET,resp,2xx
322,X0,X14,GET,req,
323,X14,X24,GET,req,
324,X24,X18,GET,req,
325,X18,X3,GET,req,
326,X3,X17,GET,req,
327,X17,X12,GET,req,
328,X12,X7,GET,req,
329,X7,X15,GET,req,
330,X15,X11,GET,req,
331,X11,X23,GET,req,
332,X23,X6,GET,req,
333,X23,X6,GET,resp,5xx
334,X23,X6,GET,req,
335,X23,X6,GET,resp,2xx
336,X11,X23,GET,resp,2xx
337,X15,X11,GET,resp,2xx
338,X7,X15,GET,resp,2xx
339,X12,X7,GET,resp,2xx
340,X17,X12,GET,resp,2xx
341,X3,X17,GET,resp,2xx
342,X18,X3,GET,resp,2xx
343,X24,X18,GET,resp,2xx
344,X14,X24,GET,resp,2xx
345,X0,X14,GET,resp,2xx
346,X0,X16,GET,req,
347,X16,X19,GET,req,
348,X19,X2,GET,req,
349,X19,X2,GET,resp,2xx
350,X16,X19,GET,resp,2xx
351,X0,X16,GET,resp,2xx
352,X0,X14,GET,req,
353,X14,X24,GET,req,
354,X24,X18,GET,req,
355,X18,X3,GET,req,
356,X3,X5,GET,req,
357,X5,X1,GET,req,
358,X1,X20,GET,req,
359,X20,X13,GET,req,
360,X20,X13,GET,resp,2xx
361,X1,X20,GET,resp,2xx
362,X5,X1,GET,resp,2xx
363,X3,X5,GET,resp,2xx
364,X18,X3,GET,resp,2xx
365,X24,X18,GET,resp,2xx
366,X14,X24,GET,resp,2xx
367,X0,X14,GET,resp,2xx
368,X0,X14,GET,req,
369,X14,X24,GET,req,
370,X24,X18,GET,req,
371,X18,X3,GET,req,
372,X3,X17,GET,req,
373,X17,X12,GET,req,
374,X12,X7,GET,req,
375,X7,X15,GET,req,
376,X15,X11,GET,req,
377,X11,X23,GET,req,
378,X23,X10,GET,req,
379,X23,X10,GET,resp,5xx
380,X23,X10,GET,req,
381,X23,X10,GET,resp,2xx
382,X11,X23,GET,resp,2xx
383,X15,X11,GET,resp,2xx
384,X7,X15,GET,resp,2xx
385,X12,X7,GET,resp,2xx
386,X17,X12,GET,resp,2xx
387,X3,X17,GET,resp,2xx
388,X18,X3,GET,resp,2xx
389,X24,X18,GET,resp,2xx
390,X14,X24,GET,resp,2xx
391,X0,X14,GET,resp,2xx
392,X0,X16,GET,req,
393,X16,X19,GET,req,
394,X19,X2,GET,req,
395,X19,X2,GET,resp,2xx
396,X16,X19,GET,resp,2xx
397,X0,X16,GET,resp,2xx
398,X0,X16,GET,req,
399,X16,X19,GET,req,
400,X19,X2,GET,req,
401,X19,X2,GET,resp,2xx
402,X16,X19,GET,resp,2xx
403,X0,X16,GET,resp,2xx
404,X0,X16,GET,req,
405,X16,X19,GET,req,
406,X19,X2,GET,req,
407,X19,X2,GET,resp,2xx
408,X16,X19,GET,resp,2xx
409,X0,X16,GET,resp,2xx
410,X0,X14,GET,req,
411,X14,X24,GET,req,
412,X24,X18,GET,req,
413,X18,X3,GET,req,
414,X3,X17,GET,req,
415,X17,X12,GET,req,
416,X12,X7,GET,req,
417,X7,X15,GET,req,
418,X15,X11,GET,req,
419,X11,X8,GET,req,
420,X8,X4,GET,req,
421,X8,X4,GET,resp,2xx
422,X11,X8,GET,resp,2xx
423,X15,X11,GET,resp,2xx
424,X7,X15,GET,resp,2xx
425,X12,X7,GET,resp,2xx
426,X17,X12,GET,resp,2xx
427,X3,X17,GET,resp,2xx
428,X18,X3,GET,resp,2xx
429,X24,X18,GET,resp,2xx
430,X14,X24,GET,resp,2xx
431,X0,X14,GET,resp,2xx
432,X0,X14,GET,req,
433,X14,X24,GET,req,
434,X24,X18,GET,req,
435,X18,X3,GET,req,
436,X3,X5,GET,req,
437,X5,X1,GET,req,
438,X1,X20,GET,req,
439,X20,X13,GET,req,
440,X20,X13,GET,resp,2xx
441,X1,X20,GET,resp,2xx
442,X5,X1,GET,resp,2xx
443,X3,X5,GET,resp,2xx
444,X18,X3,GET,resp,2xx
445,X24,X18,GET,resp,2xx
446,X14,X24,GET,resp,2xx
447,X0,X14,GET,resp,2xx
448,X0,X14,GET,req,
449,X14,X24,GET,req,
450,X24,X18,GET,req,
451,X18,X3,GET,req,
452,X3,X5,GET,req,
453,X5,X1,GET,req,
454,X1,X20,GET,req,
455,X20,X13,GET,req,
456,X20,X13,GET,resp,2xx
457,X1,X20,GET,resp,2xx
458,X5,X1,GET,resp,2xx
459,X3,X5,GET,resp,2xx
460,X18,X3,GET,resp,2xx
461,X24,X18,GET,resp,2xx
462,X14,X24,GET,resp,2xx
463,X0,X14,GET,resp,2xx
464,X0,X16,GET,req,
465,X16,X19,GET,req,
466,X19,X2,GET,req,
467,X19,X2,GET,resp,5xx
468,X19,X2,GET,req,
469,X19,X2,GET,resp,2xx
470,X16,X19,GET,resp,2xx
471,X0,X16,GET,resp,2xx
472,X0,X14,GET,req,
473,X14,X24,GET,req,
474,X24,X18,GET,req,
475,X18,X3,GET,req,
476,X3,X17,GET,req,
477,X17,X12,GET,req,
478,X12,X7,GET,req,
479,X7,X21,GET,req,
480,X7,X21,GET,resp,2xx
481,X12,X7,GET,resp,2xx
482,X17,X12,GET,resp,2xx
483,X3,X17,GET,resp,2xx
484,X18,X3,GET,resp,2xx
485,X24,X18,GET,resp,2xx
486,X14,X24,GET,resp,2xx
487,X0,X14,GET,resp,2xx
488,X0,X16,GET,req,
489,X16,X19,GET,req,
490,X19,X2,GET,req,
491,X19,X2,GET,resp,2xx
492,X16,X19,GET,resp,2xx
493,X0,X16,GET,resp,2xx
494,X0,X14,GET,req,
495,X14,X24,GET,req,
496,X24,X18,GET,req,
497,X18,X3,GET,req,
498,X3,X17,GET,req,
499,X17,X12,GET,req,
500,X12,X7,GET,req,
501,X7,X15,GET,req,
502,X15,X11,GET,req,
503,X11,X8,GET,req,
504,X8,X4,GET,req,
505,X8,X4,GET,resp,5xx
506,X8,X4,GET,req,
507,X8,X4,GET,resp,2xx
508,X11,X8,GET,resp,2xx
509,X15,X11,GET,resp,2xx
510,X7,X15,GET,resp,2xx
511,X12,X7,GET,resp,2xx
512,X17,X12,GET,resp,2xx
513,X3,X17,GET,resp,2xx
514,X18,X3,GET,resp,2xx
515,X24,X18,GET,resp,2xx
516,X14,X24,GET,resp,2xx
517,X0,X14,GET,resp,2xx
518,X0,X14,GET,req,
519,X14,X24,GET,req,
520,X24,X18,GET,req,
521,X18,X3,GET,req,
522,X3,X17,GET,req,
523,X17,X12,GET,req,
524,X12,X7,GET,req,
525,X7,X21,GET,req,
526,X7,X21,GET,resp,2xx
527,X12,X7,GET,resp,2xx
528,X17,X12,GET,resp,2xx
529,X3,X17,GET,resp,2xx
530,X18,X3,GET,resp,2xx
531,X24,X18,GET,resp,2xx
532,X14,X24,GET,resp,2xx
533,X0,X14,GET,resp,2xx
534,X0,X14,GET,req,
535,X14,X24,GET,req,
536,X24,X18,GET,req,
537,X18,X3,GET,req,
538,X3,X5,GET,req,
539,X5,X1,GET,req,
540,X1,X20,GET,req,
541,X20,X22,GET,req,
542,X22,X9,GET,req,
543,X22,X9,GET,resp,2xx
544,X20,X22,GET,resp,2xx
545,X1,X20,GET,resp,2xx
546,X5,X1,GET,resp,2xx
547,X3,X5,GET,resp,2xx
548,X18,X3,GET,resp,2xx
549,X24,X18,GET,resp,2xx
550,X14,X24,GET,resp,2xx
551,X0,X14,GET,resp,2xx
552,X0,X14,GET,req,
553,X14,X24,GET,req,
554,X24,X18,GET,req,
555,X18,X3,GET,req,
556,X3,X5,GET,req,
557,X5,X1,GET,req,
558,X1,X20,GET,req,
559,X20,X13,GET,req,
560,X20,X13,GET,resp,2xx
561,X1,X20,GET,resp,2xx
562,X5,X1,GET,resp,2xx
563,X3,X5,GET,resp,2xx
564,X18,X3,GET,resp,2xx
565,X24,X18,GET,resp,2xx
566,X14,X24,GET,resp,2xx
567,X0,X14,GET,resp,2xx
568,X0,X16,GET,req,
569,X16,X19,GET,req,
570,X19,X2,GET,req,
571,X19,X2,GET,resp,2xx
572,X16,X19,GET,resp,2xx
573,X0,X16,GET,resp,2xx
574,X0,X14,GET,req,
575,X14,X24,GET,req,
576,X24,X18,GET,req,
577,X18,X3,GET,req,
578,X3,X17,GET,req,
579,X17,X12,GET,req,
580,X12,X7,GET,req,
581,X7,X21,GET,req,
582,X7,X21,GET,resp,2xx
583,X12,X7,GET,resp,2xx
584,X17,X12,GET,resp,2xx
585,X3,X17,GET,resp,2xx
586,X18,X3,GET,resp,2xx
587,X24,X18,GET,resp,2xx
588,X14,X24,GET,resp,2xx
589,X0,X14,GET,resp,2xx
590,X0,X14,GET,req,
591,X14,X24,GET,req,
592,X24,X18,GET,req,
593,X18,X3,GET,req,
594,X3,X17,GET,req,
595,X17,X12,GET,req,
596,X12,X7,GET,req,
597,X7,X21,GET,req,
598,X7,X21,GET,resp,2xx
599,X12,X7,GET,resp,2xx
600,X17,X12,GET,resp,2xx
601,X3,X17,GET,resp,2xx
602,X18,X3,GET,resp,2xx
603,X24,X18,GET,resp,2xx
604,X14,X24,GET,resp,2xx
605,X0,X14,GET,resp,2xx
606,X0,X14,GET,req,
607,X14,X24,GET,req,
608,X24,X18,GET,req,
609,X18,X3,GET,req,
610,X3,X17,GET,req,
611,X17,X12,GET,req,
612,X12,X7,GET,req,
613,X7,X15,GET,req,
614,X15,X11,GET,req,
615,X11,X23,GET,req,
616,X23,X10,GET,req,
617,X23,X10,GET,resp,5xx
618,X23,X10,GET,req,
619,X23,X10,GET,resp,2xx
620,X11,X23,GET,resp,2xx
621,X15,X11,GET,resp,2xx
622,X7,X15,GET,resp,2xx
623,X12,X7,GET,resp,2xx
624,X17,X12,GET,resp,2xx
625,X3,X17,GET,resp,2xx
626,X18,X3,GET,resp,2xx
627,X24,X18,GET,resp,2xx
628,X14,X24,GET,resp,2xx
629,X0,X14,GET,resp,2xx
630,X0,X14,GET,req,
631,X14,X24,GET,req,
632,X24,X18,GET,req,
633,X18,X3,GET,req,
634,X3,X17,GET,req,
635,X17,X12,GET,req,
636,X12,X7,GET,req,
637,X7,X15,GET,req,
638,X15,X11,GET,req,
639,X11,X23,GET,req,
640,X23,X10,GET,req,
641,X23,X10,GET,resp,5xx
642,X23,X10,GET,req,
643,X23,X10,GET,resp,2xx
644,X11,X23,GET,resp,2xx
645,X15,X11,GET,resp,2xx
646,X7,X15,GET,resp,2xx
647,X12,X7,GET,resp,2xx
648,X17,X12,GET,resp,2xx
649,X3,X17,GET,resp,2xx
650,X18,X3,GET,resp,2xx
651,X24,X18,GET,resp,2xx
652,X14,X24,GET,resp,2xx
653,X0,X14,GET,resp,2xx
654,X0,X14,GET,req,
655,X14,X24,GET,req,
656,X24,X18,GET,req,
657,X18,X3,GET,req,
658,X3,X17,GET,req,
659,X17,X12,GET,req,
660,X12,X7,GET,req,
661,X7,X21,GET,req,
662,X7,X21,GET,resp,2xx
663,X12,X7,GET,resp,2xx
664,X17,X12,GET,resp,2xx
665,X3,X17,GET,resp,2xx
666,X18,X3,GET,resp,2xx
667,X24,X18,GET,resp,2xx
668,X14,X24,GET,resp,2xx
669,X0,X14,GET,resp,2xx
670,X0,X14,GET,req,
671,X14,X24,GET,req,
672,X24,X18,GET,req,
673,X18,X3,GET,req,
674,X3,X17,GET,req,
675,X17,X12,GET,req,
676,X12,X7,GET,req,
677,X7,X21,GET,req,
678,X7,X21,GET,resp,2xx
679,X12,X7,GET,resp,2xx
680,X17,X12,GET,resp,2xx
681,X3,X17,GET,resp,2xx
682,X18,X3,GET,resp,2xx
683,X24,X18,GET,resp,2xx
684,X14,X24,GET,resp,2xx
685,X0,X14,GET,resp,2xx
686,X0,X16,GET,req,
687,X16,X19,GET,req,
688,X19,X2,GET,req,
689,X19,X2,GET,resp,5xx
690,X19,X2,GET,req,
691,X19,X2,GET,resp,2xx
692,X16,X19,GET,resp,2xx
693,X0,X16,GET,resp,2xx
694,X0,X14,GET,req,
695,X14,X24,GET,req,
696,X24,X18,GET,req,
697,X18,X3,GET,req,
698,X3,X5,GET,req,
699,X5,X1,GET,req,
700,X1,X20,GET,req,
701,X20,X13,GET,req,
702,X20,X13,GET,resp,2xx
703,X1,X20,GET,resp,2xx
704,X5,X1,GET,resp,2xx
705,X3,X5,GET,resp,2xx
706,X18,X3,GET,resp,2xx
707,X24,X18,GET,resp,2xx
708,X14,X24,GET,resp,2xx
709,X0,X14,GET,resp,2xx
710,X0,X16,GET,req,
711,X16,X19,GET,req,
712,X19,X2,GET,req,
713,X19,X2,GET,resp,2xx
714,X16,X19,GET,resp,2xx
715,X0,X16,GET,resp,2xx
716,X0,X14,GET,req,
717,X14,X24,GET,req,
718,X24,X18,GET,req,
719,X18,X3,GET,req,
720,X3,X17,GET,req,
721,X17,X12,GET,req,
722,X12,X7,GET,req,
723,X7,X15,GET,req,
724,X15,X11,GET,req,
725,X11,X23,GET,req,
726,X23,X6,GET,req,
727,X23,X6,GET,resp,2xx
728,X11,X23,GET,resp,2xx
729,X15,X11,GET,resp,2xx
730,X7,X15,GET,resp,2xx
731,X12,X7,GET,resp,2xx
732,X17,X12,GET,resp,2xx
733,X3,X17,GET,resp,2xx
734,X18,X3,GET,resp,2xx
735,X24,X18,GET,resp,2xx
736,X14,X24,GET,resp,2xx
737,X0,X14,GET,resp,2xx
738,X0,X14,GET,req,
739,X14,X24,GET,req,
740,X24,X18,GET,req,
741,X18,X3,GET,req,
742,X3,X5,GET,req,
743,X5,X1,GET,req,
744,X1,X20,GET,req,
745,X20,X13,GET,req,
746,X20,X13,GET,resp,2xx
747,X1,X20,GET,resp,2xx
748,X5,X1,GET,resp,2xx
749,X3,X5,GET,resp,2xx
750,X18,X3,GET,resp,2xx
751,X24,X18,GET,resp,2xx
752,X14,X24,GET,resp,2xx
753,X0,X14,GET,resp,2xx
754,X0,X14,GET,req,
755,X14,X24,GET,req,
756,X24,X18,GET,req,
757,X18,X3,GET,req,
758,X3,X17,GET,req,
759,X17,X12,GET,req,
760,X12,X7,GET,req,
761,X7,X15,GET,req,
762,X15,X11,GET,req,
763,X11,X23,GET,req,
764,X23,X10,GET,req,
765,X23,X10,GET,resp,2xx
766,X11,X23,GET,resp,2xx
767,X15,X11,GET,resp,2xx
768,X7,X15,GET,resp,2xx
769,X12,X7,GET,resp,2xx
770,X17,X12,GET,resp,2xx
771,X3,X17,GET,resp,2xx
772,X18,X3,GET,resp,2xx
773,X24,X18,GET,resp,2xx
774,X14,X24,GET,resp,2xx
775,X0,X14,GET,resp,2xx
776,X0,X16,GET,req,
777,X16,X19,GET,req,
778,X19,X2,GET,req,
779,X19,X2,GET,resp,5xx
780,X19,X2,GET,req,
781,X19,X2,GET,resp,2xx
782,X16,X19,GET,resp,2xx
783,X0,X16,GET,resp,2xx
784,X0,X14,GET,req,
785,X14,X24,GET,req,
786,X24,X18,GET,req,
787,X18,X3,GET,req,
788,X3,X17,GET,req,
789,X17,X12,GET,req,
790,X12,X7,GET,req,
791,X7,X21,GET,req,
792,X7,X21,GET,resp,2xx
793,X12,X7,GET,resp,2xx
794,X17,X12,GET,resp,2xx
795,X3,X17,GET,resp,2xx
796,X18,X3,GET,resp,2xx
797,X24,X18,GET,resp,2xx
798,X14,X24,GET,resp,2xx
799,X0,X14,GET,resp,2xx
800,X0,X16,GET,req,
801,X16,X19,GET,req,
802,X19,X2,GET,req,
803,X19,X2,GET,resp,5xx
804,X19,X2,GET,req,
805,X19,X2,GET,resp,5xx
806,X16,X19,GET,resp,5xx
807,X16,X19,GET,req,
808,X19,X2,GET,req,
809,X19,X2,GET,resp,2xx
810,X16,X19,GET,resp,2xx
811,X0,X16,GET,resp,2xx
812,X0,X16,GET,req,
813,X16,X19,GET,req,
814,X19,X2,GET,req,
815,X19,X2,GET,resp,2xx
816,X16,X19,GET,resp,2xx
817,X0,X16,GET,resp,2xx
818,X0,X16,GET,req,
819,X16,X19,GET,req,
820,X19,X2,GET,req,
821,X19,X2,GET,resp,2xx
822,X16,X19,GET,resp,2xx
823,X0,X16,GET,resp,2xx
824,X0,X14,GET,req,
825,X14,X24,GET,req,
826,X24,X18,GET,req,
827,X18,X3,GET,req,
828,X3,X5,GET,req,
829,X5,X1,GET,req,
830,X1,X20,GET,req,
831,X20,X22,GET,req,
832,X22,X9,GET,req,
833,X22,X9,GET,resp,2xx
834,X20,X22,GET,resp,2xx
835,X1,X20,GET,resp,2xx
836,X5,X1,GET,resp,2xx
837,X3,X5,GET,resp,2xx
838,X18,X3,GET,resp,2xx
839,X24,X18,GET,resp,2xx
840,X14,X24,GET,resp,2xx
841,X0,X14,GET,resp,2xx
842,X0,X16,GET,req,
843,X16,X19,GET,req,
844,X19,X2,GET,req,
845,X19,X2,GET,resp,5xx
846,X19,X2,GET,req,
847,X19,X2,GET,resp,2xx
848,X16,X19,GET,resp,2xx
849,X0,X16,GET,resp,2xx
850,X0,X16,GET,req,
851,X16,X19,GET,req,
852,X19,X2,GET,req,
853,X19,X2,GET,resp,2xx
854,X16,X19,GET,resp,2xx
855,X0,X16,GET,resp,2xx
856,X0,X14,GET,req,
857,X14,X24,GET,req,
858,X24,X18,GET,req,
859,X18,X3,GET,req,
860,X3,X5,GET,req,
861,X5,X1,GET,req,
862,X1,X20,GET,req,
863,X20,X22,GET,req,
864,X22,X9,GET,req,
865,X22,X9,GET,resp,2xx
866,X20,X22,GET,resp,2xx
867,X1,X20,GET,resp,2xx
868,X5,X1,GET,resp,2xx
869,X3,X5,GET,resp,2xx
870,X18,X3,GET,resp,2xx
871,X24,X18,GET,resp,2xx
872,X14,X24,GET,resp,2xx
873,X0,X14,GET,resp,2xx
874,X0,X14,GET,req,
875,X14,X24,GET,req,
876,X24,X18,GET,req,
877,X18,X3,GET,req,
878,X3,X5,GET,req,
879,X5,X1,GET,req,
880,X1,X20,GET,req,
881,X20,X22,GET,req,
882,X22,X9,GET,req,
883,X22,X9,GET,resp,2xx
884,X20,X22,GET,resp,2xx
885,X1,X20,GET,resp,2xx
886,X5,X1,GET,resp,2xx
887,X3,X5,GET,resp,2xx
888,X18,X3,GET,resp,2xx
889,X24,X18,GET,resp,2xx
890,X14,X24,GET,resp,2xx
891,X0,X14,GET,resp,2xx
892,X0,X14,GET,req,
893,X14,X24,GET,req,
894,X24,X18,GET,req,
895,X18,X3,GET,req,
896,X3,X5,GET,req,
897,X5,X1,GET,req,
898,X1,X20,GET,req,
899,X20,X22,GET,req,
900,X22,X9,GET,req,
901,X22,X9,GET,resp,2xx
902,X20,X22,GET,resp,2xx
903,X1,X20,GET,resp,2xx
904,X5,X1,GET,resp,2xx
905,X3,X5,GET,resp,2xx
906,X18,X3,GET,resp,2xx
907,X24,X18,GET,resp,2xx
908,X14,X24,GET,resp,2xx
909,X0,X14,GET,resp,2xx
910,X0,X14,GET,req,
911,X14,X24,GET,req,
912,X24,X18,GET,req,
913,X18,X3,GET,req,
914,X3,X5,GET,req,
915,X5,X1,GET,req,
916,X1,X20,GET,req,
917,X20,X22,GET,req,
918,X22,X9,GET,req,
919,X22,X9,GET,resp,2xx
920,X20,X22,GET,resp,2xx
921,X1,X20,GET,resp,2xx
922,X5,X1,GET,resp,2xx
923,X3,X5,GET,resp,2xx
924,X18,X3,GET,resp,2xx
925,X24,X18,GET,resp,2xx
926,X14,X24,GET,resp,2xx
927,X0,X14,GET,resp,2xx
928,X0,X14,GET,req,
929,X14,X24,GET,req,
930,X24,X18,GET,req,
931,X18,X3,GET,req,
932,X3,X5,GET,req,
933,X5,X1,GET,req,
934,X1,X20,GET,req,
935,X20,X13,GET,req,
936,X20,X13,GET,resp,2xx
937,X1,X20,GET,resp,2xx
938,X5,X1,GET,resp,2xx
939,X3,X5,GET,resp,2xx
940,X18,X3,GET,resp,2xx
941,X24,X18,GET,resp,2xx
942,X14,X24,GET,resp,2xx
943,X0,X14,GET,resp,2xx
944,X0,X14,GET,req,
945,X14,X24,GET,req,
946,X24,X18,GET,req,
947,X18,X3,GET,req,
948,X3,X5,GET,req,
949,X5,X1,GET,req,
950,X1,X20,GET,req,
951,X20,X22,GET,req,
952,X22,X9,GET,req,
953,X22,X9,GET,resp,2xx
954,X20,X22,GET,resp,2xx
955,X1,X20,GET,resp,2xx
956,X5,X1,GET,resp,2xx
957,X3,X5,GET,resp,2xx
958,X18,X3,GET,resp,2xx
959,X24,X18,GET,resp,2xx
960,X14,X24,GET,resp,2xx
961,X0,X14,GET,resp,2xx
962,X0,X14,GET,req,
